crescente	100	1	0.000000
crescente	100	2	0.000000
crescente	100	3	0.000000
crescente	100	4	0.000000
crescente	100	5	0.000000
crescente	100	6	0.000000
crescente	100	7	0.000000
crescente	100	8	0.000000
crescente	100	9	0.000000
crescente	100	10	0.000000
crescente	100	11	0.000000
crescente	100	12	0.000000
crescente	100	13	0.000000
crescente	100	14	0.000000
crescente	100	15	0.000000
crescente	100	16	0.000000
crescente	100	17	0.000000
crescente	100	18	0.000000
crescente	100	19	0.000000
crescente	100	20	0.000000
crescente	100	21	0.000000
crescente	100	22	0.000000
crescente	100	23	0.000000
crescente	100	24	0.000000
crescente	100	25	0.000000
crescente	100	26	0.000000
crescente	100	27	0.000000
crescente	100	28	0.000000
crescente	100	29	0.000000
crescente	100	30	0.000000
crescente	100	MEDIA	0.000000
crescente	1000	1	0.000000
crescente	1000	2	0.000000
crescente	1000	3	0.000000
crescente	1000	4	0.000000
crescente	1000	5	0.000000
crescente	1000	6	0.000000
crescente	1000	7	0.000000
crescente	1000	8	0.000000
crescente	1000	9	0.000000
crescente	1000	10	0.015000
crescente	1000	11	0.000000
crescente	1000	12	0.000000
crescente	1000	13	0.000000
crescente	1000	14	0.000000
crescente	1000	15	0.000000
crescente	1000	16	0.000000
crescente	1000	17	0.000000
crescente	1000	18	0.000000
crescente	1000	19	0.000000
crescente	1000	20	0.000000
crescente	1000	21	0.000000
crescente	1000	22	0.000000
crescente	1000	23	0.000000
crescente	1000	24	0.000000
crescente	1000	25	0.000000
crescente	1000	26	0.000000
crescente	1000	27	0.000000
crescente	1000	28	0.000000
crescente	1000	29	0.000000
crescente	1000	30	0.000000
crescente	1000	MEDIA	0.000500
crescente	2000	1	0.000000
crescente	2000	2	0.000000
crescente	2000	3	0.000000
crescente	2000	4	0.000000
crescente	2000	5	0.000000
crescente	2000	6	0.000000
crescente	2000	7	0.000000
crescente	2000	8	0.000000
crescente	2000	9	0.000000
crescente	2000	10	0.000000
crescente	2000	11	0.000000
crescente	2000	12	0.000000
crescente	2000	13	0.000000
crescente	2000	14	0.000000
crescente	2000	15	0.000000
crescente	2000	16	0.000000
crescente	2000	17	0.000000
crescente	2000	18	0.000000
crescente	2000	19	0.000000
crescente	2000	20	0.000000
crescente	2000	21	0.000000
crescente	2000	22	0.000000
crescente	2000	23	0.016000
crescente	2000	24	0.000000
crescente	2000	25	0.000000
crescente	2000	26	0.000000
crescente	2000	27	0.000000
crescente	2000	28	0.000000
crescente	2000	29	0.000000
crescente	2000	30	0.000000
crescente	2000	MEDIA	0.000533
crescente	3000	1	0.000000
crescente	3000	2	0.000000
crescente	3000	3	0.000000
crescente	3000	4	0.000000
crescente	3000	5	0.000000
crescente	3000	6	0.000000
crescente	3000	7	0.000000
crescente	3000	8	0.000000
crescente	3000	9	0.000000
crescente	3000	10	0.000000
crescente	3000	11	0.000000
crescente	3000	12	0.000000
crescente	3000	13	0.000000
crescente	3000	14	0.000000
crescente	3000	15	0.000000
crescente	3000	16	0.016000
crescente	3000	17	0.000000
crescente	3000	18	0.000000
crescente	3000	19	0.000000
crescente	3000	20	0.000000
crescente	3000	21	0.000000
crescente	3000	22	0.004000
crescente	3000	23	0.000000
crescente	3000	24	0.000000
crescente	3000	25	0.000000
crescente	3000	26	0.000000
crescente	3000	27	0.000000
crescente	3000	28	0.000000
crescente	3000	29	0.000000
crescente	3000	30	0.000000
crescente	3000	MEDIA	0.000667
crescente	4000	1	0.000000
crescente	4000	2	0.008000
crescente	4000	3	0.000000
crescente	4000	4	0.000000
crescente	4000	5	0.000000
crescente	4000	6	0.004000
crescente	4000	7	0.000000
crescente	4000	8	0.000000
crescente	4000	9	0.000000
crescente	4000	10	0.000000
crescente	4000	11	0.000000
crescente	4000	12	0.005000
crescente	4000	13	0.000000
crescente	4000	14	0.002000
crescente	4000	15	0.000000
crescente	4000	16	0.000000
crescente	4000	17	0.000000
crescente	4000	18	0.000000
crescente	4000	19	0.000000
crescente	4000	20	0.000000
crescente	4000	21	0.008000
crescente	4000	22	0.000000
crescente	4000	23	0.002000
crescente	4000	24	0.000000
crescente	4000	25	0.002000
crescente	4000	26	0.000000
crescente	4000	27	0.002000
crescente	4000	28	0.000000
crescente	4000	29	0.002000
crescente	4000	30	0.000000
crescente	4000	MEDIA	0.001167
crescente	5000	1	0.002000
crescente	5000	2	0.002000
crescente	5000	3	0.001000
crescente	5000	4	0.000000
crescente	5000	5	0.000000
crescente	5000	6	0.000000
crescente	5000	7	0.000000
crescente	5000	8	0.000000
crescente	5000	9	0.000000
crescente	5000	10	0.008000
crescente	5000	11	0.002000
crescente	5000	12	0.001000
crescente	5000	13	0.002000
crescente	5000	14	0.000000
crescente	5000	15	0.000000
crescente	5000	16	0.000000
crescente	5000	17	0.000000
crescente	5000	18	0.006000
crescente	5000	19	0.000000
crescente	5000	20	0.000000
crescente	5000	21	0.000000
crescente	5000	22	0.000000
crescente	5000	23	0.000000
crescente	5000	24	0.008000
crescente	5000	25	0.000000
crescente	5000	26	0.000000
crescente	5000	27	0.000000
crescente	5000	28	0.000000
crescente	5000	29	0.000000
crescente	5000	30	0.000000
crescente	5000	MEDIA	0.001067
crescente	10000	1	0.000000
crescente	10000	2	0.000000
crescente	10000	3	0.000000
crescente	10000	4	0.016000
crescente	10000	5	0.000000
crescente	10000	6	0.000000
crescente	10000	7	0.000000
crescente	10000	8	0.016000
crescente	10000	9	0.004000
crescente	10000	10	0.004000
crescente	10000	11	0.002000
crescente	10000	12	0.004000
crescente	10000	13	0.002000
crescente	10000	14	0.000000
crescente	10000	15	0.000000
crescente	10000	16	0.000000
crescente	10000	17	0.000000
crescente	10000	18	0.000000
crescente	10000	19	0.015000
crescente	10000	20	0.000000
crescente	10000	21	0.000000
crescente	10000	22	0.000000
crescente	10000	23	0.010000
crescente	10000	24	0.000000
crescente	10000	25	0.006000
crescente	10000	26	0.000000
crescente	10000	27	0.003000
crescente	10000	28	0.000000
crescente	10000	29	0.000000
crescente	10000	30	0.000000
crescente	10000	MEDIA	0.002733
decrescente	100	1	0.000000
decrescente	100	2	0.000000
decrescente	100	3	0.000000
decrescente	100	4	0.000000
decrescente	100	5	0.000000
decrescente	100	6	0.000000
decrescente	100	7	0.000000
decrescente	100	8	0.000000
decrescente	100	9	0.000000
decrescente	100	10	0.000000
decrescente	100	11	0.000000
decrescente	100	12	0.000000
decrescente	100	13	0.000000
decrescente	100	14	0.000000
decrescente	100	15	0.000000
decrescente	100	16	0.000000
decrescente	100	17	0.000000
decrescente	100	18	0.000000
decrescente	100	19	0.000000
decrescente	100	20	0.000000
decrescente	100	21	0.000000
decrescente	100	22	0.000000
decrescente	100	23	0.000000
decrescente	100	24	0.000000
decrescente	100	25	0.000000
decrescente	100	26	0.000000
decrescente	100	27	0.000000
decrescente	100	28	0.000000
decrescente	100	29	0.000000
decrescente	100	30	0.000000
decrescente	100	MEDIA	0.000000
decrescente	1000	1	0.000000
decrescente	1000	2	0.000000
decrescente	1000	3	0.000000
decrescente	1000	4	0.000000
decrescente	1000	5	0.000000
decrescente	1000	6	0.000000
decrescente	1000	7	0.000000
decrescente	1000	8	0.000000
decrescente	1000	9	0.000000
decrescente	1000	10	0.000000
decrescente	1000	11	0.013000
decrescente	1000	12	0.000000
decrescente	1000	13	0.000000
decrescente	1000	14	0.000000
decrescente	1000	15	0.000000
decrescente	1000	16	0.000000
decrescente	1000	17	0.000000
decrescente	1000	18	0.000000
decrescente	1000	19	0.000000
decrescente	1000	20	0.000000
decrescente	1000	21	0.000000
decrescente	1000	22	0.000000
decrescente	1000	23	0.000000
decrescente	1000	24	0.000000
decrescente	1000	25	0.000000
decrescente	1000	26	0.000000
decrescente	1000	27	0.000000
decrescente	1000	28	0.000000
decrescente	1000	29	0.000000
decrescente	1000	30	0.000000
decrescente	1000	MEDIA	0.000433
decrescente	2000	1	0.000000
decrescente	2000	2	0.000000
decrescente	2000	3	0.000000
decrescente	2000	4	0.000000
decrescente	2000	5	0.000000
decrescente	2000	6	0.008000
decrescente	2000	7	0.000000
decrescente	2000	8	0.000000
decrescente	2000	9	0.000000
decrescente	2000	10	0.000000
decrescente	2000	11	0.000000
decrescente	2000	12	0.000000
decrescente	2000	13	0.000000
decrescente	2000	14	0.000000
decrescente	2000	15	0.000000
decrescente	2000	16	0.000000
decrescente	2000	17	0.000000
decrescente	2000	18	0.000000
decrescente	2000	19	0.000000
decrescente	2000	20	0.000000
decrescente	2000	21	0.000000
decrescente	2000	22	0.000000
decrescente	2000	23	0.000000
decrescente	2000	24	0.000000
decrescente	2000	25	0.000000
decrescente	2000	26	0.000000
decrescente	2000	27	0.000000
decrescente	2000	28	0.000000
decrescente	2000	29	0.000000
decrescente	2000	30	0.000000
decrescente	2000	MEDIA	0.000267
decrescente	3000	1	0.000000
decrescente	3000	2	0.000000
decrescente	3000	3	0.000000
decrescente	3000	4	0.000000
decrescente	3000	5	0.000000
decrescente	3000	6	0.000000
decrescente	3000	7	0.000000
decrescente	3000	8	0.017000
decrescente	3000	9	0.000000
decrescente	3000	10	0.000000
decrescente	3000	11	0.000000
decrescente	3000	12	0.000000
decrescente	3000	13	0.000000
decrescente	3000	14	0.000000
decrescente	3000	15	0.000000
decrescente	3000	16	0.000000
decrescente	3000	17	0.000000
decrescente	3000	18	0.000000
decrescente	3000	19	0.000000
decrescente	3000	20	0.000000
decrescente	3000	21	0.000000
decrescente	3000	22	0.000000
decrescente	3000	23	0.000000
decrescente	3000	24	0.000000
decrescente	3000	25	0.000000
decrescente	3000	26	0.000000
decrescente	3000	27	0.000000
decrescente	3000	28	0.000000
decrescente	3000	29	0.016000
decrescente	3000	30	0.000000
decrescente	3000	MEDIA	0.001100
decrescente	4000	1	0.000000
decrescente	4000	2	0.000000
decrescente	4000	3	0.000000
decrescente	4000	4	0.000000
decrescente	4000	5	0.000000
decrescente	4000	6	0.000000
decrescente	4000	7	0.000000
decrescente	4000	8	0.000000
decrescente	4000	9	0.000000
decrescente	4000	10	0.000000
decrescente	4000	11	0.000000
decrescente	4000	12	0.000000
decrescente	4000	13	0.000000
decrescente	4000	14	0.000000
decrescente	4000	15	0.015000
decrescente	4000	16	0.001000
decrescente	4000	17	0.000000
decrescente	4000	18	0.000000
decrescente	4000	19	0.000000
decrescente	4000	20	0.000000
decrescente	4000	21	0.000000
decrescente	4000	22	0.000000
decrescente	4000	23	0.000000
decrescente	4000	24	0.000000
decrescente	4000	25	0.000000
decrescente	4000	26	0.000000
decrescente	4000	27	0.000000
decrescente	4000	28	0.000000
decrescente	4000	29	0.000000
decrescente	4000	30	0.015000
decrescente	4000	MEDIA	0.001033
decrescente	5000	1	0.000000
decrescente	5000	2	0.000000
decrescente	5000	3	0.000000
decrescente	5000	4	0.000000
decrescente	5000	5	0.006000
decrescente	5000	6	0.000000
decrescente	5000	7	0.000000
decrescente	5000	8	0.000000
decrescente	5000	9	0.000000
decrescente	5000	10	0.000000
decrescente	5000	11	0.000000
decrescente	5000	12	0.000000
decrescente	5000	13	0.010000
decrescente	5000	14	0.000000
decrescente	5000	15	0.000000
decrescente	5000	16	0.000000
decrescente	5000	17	0.000000
decrescente	5000	18	0.000000
decrescente	5000	19	0.000000
decrescente	5000	20	0.000000
decrescente	5000	21	0.000000
decrescente	5000	22	0.000000
decrescente	5000	23	0.000000
decrescente	5000	24	0.000000
decrescente	5000	25	0.015000
decrescente	5000	26	0.000000
decrescente	5000	27	0.000000
decrescente	5000	28	0.000000
decrescente	5000	29	0.000000
decrescente	5000	30	0.000000
decrescente	5000	MEDIA	0.001033
decrescente	10000	1	0.000000
decrescente	10000	2	0.000000
decrescente	10000	3	0.000000
decrescente	10000	4	0.016000
decrescente	10000	5	0.000000
decrescente	10000	6	0.000000
decrescente	10000	7	0.000000
decrescente	10000	8	0.000000
decrescente	10000	9	0.000000
decrescente	10000	10	0.016000
decrescente	10000	11	0.000000
decrescente	10000	12	0.000000
decrescente	10000	13	0.000000
decrescente	10000	14	0.000000
decrescente	10000	15	0.000000
decrescente	10000	16	0.016000
decrescente	10000	17	0.000000
decrescente	10000	18	0.000000
decrescente	10000	19	0.000000
decrescente	10000	20	0.000000
decrescente	10000	21	0.000000
decrescente	10000	22	0.015000
decrescente	10000	23	0.000000
decrescente	10000	24	0.000000
decrescente	10000	25	0.000000
decrescente	10000	26	0.012000
decrescente	10000	27	0.000000
decrescente	10000	28	0.004000
decrescente	10000	29	0.000000
decrescente	10000	30	0.000000
decrescente	10000	MEDIA	0.002633
aleatoria	100	1	0.000000
aleatoria	100	2	0.000000
aleatoria	100	3	0.000000
aleatoria	100	4	0.000000
aleatoria	100	5	0.000000
aleatoria	100	6	0.000000
aleatoria	100	7	0.000000
aleatoria	100	8	0.000000
aleatoria	100	9	0.000000
aleatoria	100	10	0.000000
aleatoria	100	11	0.000000
aleatoria	100	12	0.000000
aleatoria	100	13	0.000000
aleatoria	100	14	0.000000
aleatoria	100	15	0.000000
aleatoria	100	16	0.000000
aleatoria	100	17	0.000000
aleatoria	100	18	0.000000
aleatoria	100	19	0.000000
aleatoria	100	20	0.000000
aleatoria	100	21	0.000000
aleatoria	100	22	0.000000
aleatoria	100	23	0.000000
aleatoria	100	24	0.000000
aleatoria	100	25	0.000000
aleatoria	100	26	0.000000
aleatoria	100	27	0.000000
aleatoria	100	28	0.000000
aleatoria	100	29	0.000000
aleatoria	100	30	0.000000
aleatoria	100	MEDIA	0.000000
aleatoria	1000	1	0.000000
aleatoria	1000	2	0.000000
aleatoria	1000	3	0.000000
aleatoria	1000	4	0.000000
aleatoria	1000	5	0.000000
aleatoria	1000	6	0.000000
aleatoria	1000	7	0.000000
aleatoria	1000	8	0.000000
aleatoria	1000	9	0.000000
aleatoria	1000	10	0.000000
aleatoria	1000	11	0.000000
aleatoria	1000	12	0.000000
aleatoria	1000	13	0.000000
aleatoria	1000	14	0.000000
aleatoria	1000	15	0.000000
aleatoria	1000	16	0.000000
aleatoria	1000	17	0.000000
aleatoria	1000	18	0.000000
aleatoria	1000	19	0.000000
aleatoria	1000	20	0.000000
aleatoria	1000	21	0.000000
aleatoria	1000	22	0.000000
aleatoria	1000	23	0.000000
aleatoria	1000	24	0.000000
aleatoria	1000	25	0.000000
aleatoria	1000	26	0.000000
aleatoria	1000	27	0.000000
aleatoria	1000	28	0.000000
aleatoria	1000	29	0.000000
aleatoria	1000	30	0.001000
aleatoria	1000	MEDIA	0.000033
aleatoria	2000	1	0.000000
aleatoria	2000	2	0.000000
aleatoria	2000	3	0.000000
aleatoria	2000	4	0.000000
aleatoria	2000	5	0.000000
aleatoria	2000	6	0.004000
aleatoria	2000	7	0.000000
aleatoria	2000	8	0.002000
aleatoria	2000	9	0.001000
aleatoria	2000	10	0.000000
aleatoria	2000	11	0.000000
aleatoria	2000	12	0.002000
aleatoria	2000	13	0.000000
aleatoria	2000	14	0.000000
aleatoria	2000	15	0.000000
aleatoria	2000	16	0.000000
aleatoria	2000	17	0.000000
aleatoria	2000	18	0.000000
aleatoria	2000	19	0.000000
aleatoria	2000	20	0.000000
aleatoria	2000	21	0.000000
aleatoria	2000	22	0.000000
aleatoria	2000	23	0.000000
aleatoria	2000	24	0.000000
aleatoria	2000	25	0.000000
aleatoria	2000	26	0.000000
aleatoria	2000	27	0.000000
aleatoria	2000	28	0.000000
aleatoria	2000	29	0.000000
aleatoria	2000	30	0.000000
aleatoria	2000	MEDIA	0.000300
aleatoria	3000	1	0.000000
aleatoria	3000	2	0.000000
aleatoria	3000	3	0.000000
aleatoria	3000	4	0.000000
aleatoria	3000	5	0.016000
aleatoria	3000	6	0.002000
aleatoria	3000	7	0.001000
aleatoria	3000	8	0.001000
aleatoria	3000	9	0.000000
aleatoria	3000	10	0.002000
aleatoria	3000	11	0.000000
aleatoria	3000	12	0.000000
aleatoria	3000	13	0.002000
aleatoria	3000	14	0.000000
aleatoria	3000	15	0.002000
aleatoria	3000	16	0.000000
aleatoria	3000	17	0.000000
aleatoria	3000	18	0.000000
aleatoria	3000	19	0.000000
aleatoria	3000	20	0.000000
aleatoria	3000	21	0.004000
aleatoria	3000	22	0.003000
aleatoria	3000	23	0.000000
aleatoria	3000	24	0.001000
aleatoria	3000	25	0.000000
aleatoria	3000	26	0.003000
aleatoria	3000	27	0.000000
aleatoria	3000	28	0.000000
aleatoria	3000	29	0.000000
aleatoria	3000	30	0.000000
aleatoria	3000	MEDIA	0.001233
aleatoria	4000	1	0.000000
aleatoria	4000	2	0.000000
aleatoria	4000	3	0.000000
aleatoria	4000	4	0.000000
aleatoria	4000	5	0.000000
aleatoria	4000	6	0.000000
aleatoria	4000	7	0.013000
aleatoria	4000	8	0.000000
aleatoria	4000	9	0.000000
aleatoria	4000	10	0.000000
aleatoria	4000	11	0.000000
aleatoria	4000	12	0.000000
aleatoria	4000	13	0.000000
aleatoria	4000	14	0.000000
aleatoria	4000	15	0.000000
aleatoria	4000	16	0.000000
aleatoria	4000	17	0.000000
aleatoria	4000	18	0.000000
aleatoria	4000	19	0.017000
aleatoria	4000	20	0.002000
aleatoria	4000	21	0.000000
aleatoria	4000	22	0.002000
aleatoria	4000	23	0.002000
aleatoria	4000	24	0.000000
aleatoria	4000	25	0.002000
aleatoria	4000	26	0.002000
aleatoria	4000	27	0.000000
aleatoria	4000	28	0.002000
aleatoria	4000	29	0.002000
aleatoria	4000	30	0.001000
aleatoria	4000	MEDIA	0.001500
aleatoria	5000	1	0.002000
aleatoria	5000	2	0.002000
aleatoria	5000	3	0.002000
aleatoria	5000	4	0.000000
aleatoria	5000	5	0.000000
aleatoria	5000	6	0.002000
aleatoria	5000	7	0.002000
aleatoria	5000	8	0.002000
aleatoria	5000	9	0.002000
aleatoria	5000	10	0.002000
aleatoria	5000	11	0.002000
aleatoria	5000	12	0.002000
aleatoria	5000	13	0.000000
aleatoria	5000	14	0.002000
aleatoria	5000	15	0.002000
aleatoria	5000	16	0.002000
aleatoria	5000	17	0.002000
aleatoria	5000	18	0.002000
aleatoria	5000	19	0.002000
aleatoria	5000	20	0.000000
aleatoria	5000	21	0.000000
aleatoria	5000	22	0.002000
aleatoria	5000	23	0.002000
aleatoria	5000	24	0.002000
aleatoria	5000	25	0.002000
aleatoria	5000	26	0.002000
aleatoria	5000	27	0.002000
aleatoria	5000	28	0.000000
aleatoria	5000	29	0.000000
aleatoria	5000	30	0.000000
aleatoria	5000	MEDIA	0.001467
aleatoria	10000	1	0.000000
aleatoria	10000	2	0.000000
aleatoria	10000	3	0.016000
aleatoria	10000	4	0.000000
aleatoria	10000	5	0.000000
aleatoria	10000	6	0.000000
aleatoria	10000	7	0.016000
aleatoria	10000	8	0.000000
aleatoria	10000	9	0.005000
aleatoria	10000	10	0.000000
aleatoria	10000	11	0.000000
aleatoria	10000	12	0.011000
aleatoria	10000	13	0.000000
aleatoria	10000	14	0.000000
aleatoria	10000	15	0.000000
aleatoria	10000	16	0.015000
aleatoria	10000	17	0.000000
aleatoria	10000	18	0.000000
aleatoria	10000	19	0.000000
aleatoria	10000	20	0.000000
aleatoria	10000	21	0.016000
aleatoria	10000	22	0.000000
aleatoria	10000	23	0.000000
aleatoria	10000	24	0.000000
aleatoria	10000	25	0.016000
aleatoria	10000	26	0.000000
aleatoria	10000	27	0.000000
aleatoria	10000	28	0.000000
aleatoria	10000	29	0.016000
aleatoria	10000	30	0.000000
aleatoria	10000	MEDIA	0.003700
