crescente	100	1	0.000000
crescente	100	2	0.000000
crescente	100	3	0.000000
crescente	100	4	0.000000
crescente	100	5	0.000000
crescente	100	6	0.000000
crescente	100	7	0.000000
crescente	100	8	0.000000
crescente	100	9	0.000000
crescente	100	10	0.000000
crescente	100	11	0.000000
crescente	100	12	0.000000
crescente	100	13	0.000000
crescente	100	14	0.000000
crescente	100	15	0.000000
crescente	100	16	0.000000
crescente	100	17	0.000000
crescente	100	18	0.000000
crescente	100	19	0.000000
crescente	100	20	0.000000
crescente	100	21	0.000000
crescente	100	22	0.000000
crescente	100	23	0.000000
crescente	100	24	0.000000
crescente	100	25	0.000000
crescente	100	26	0.000000
crescente	100	27	0.000000
crescente	100	28	0.000000
crescente	100	29	0.000000
crescente	100	30	0.000000
crescente	100	MEDIA	0.000000
crescente	1000	1	0.004000
crescente	1000	2	0.003000
crescente	1000	3	0.002000
crescente	1000	4	0.003000
crescente	1000	5	0.003000
crescente	1000	6	0.003000
crescente	1000	7	0.003000
crescente	1000	8	0.003000
crescente	1000	9	0.003000
crescente	1000	10	0.003000
crescente	1000	11	0.003000
crescente	1000	12	0.003000
crescente	1000	13	0.003000
crescente	1000	14	0.003000
crescente	1000	15	0.003000
crescente	1000	16	0.003000
crescente	1000	17	0.004000
crescente	1000	18	0.002000
crescente	1000	19	0.003000
crescente	1000	20	0.003000
crescente	1000	21	0.003000
crescente	1000	22	0.003000
crescente	1000	23	0.003000
crescente	1000	24	0.003000
crescente	1000	25	0.003000
crescente	1000	26	0.003000
crescente	1000	27	0.003000
crescente	1000	28	0.003000
crescente	1000	29	0.003000
crescente	1000	30	0.003000
crescente	1000	MEDIA	0.003000
crescente	2000	1	0.013000
crescente	2000	2	0.014000
crescente	2000	3	0.012000
crescente	2000	4	0.012000
crescente	2000	5	0.012000
crescente	2000	6	0.012000
crescente	2000	7	0.012000
crescente	2000	8	0.011000
crescente	2000	9	0.013000
crescente	2000	10	0.014000
crescente	2000	11	0.013000
crescente	2000	12	0.012000
crescente	2000	13	0.012000
crescente	2000	14	0.013000
crescente	2000	15	0.013000
crescente	2000	16	0.012000
crescente	2000	17	0.013000
crescente	2000	18	0.012000
crescente	2000	19	0.011000
crescente	2000	20	0.011000
crescente	2000	21	0.007000
crescente	2000	22	0.010000
crescente	2000	23	0.013000
crescente	2000	24	0.016000
crescente	2000	25	0.000000
crescente	2000	26	0.016000
crescente	2000	27	0.016000
crescente	2000	28	0.015000
crescente	2000	29	0.000000
crescente	2000	30	0.016000
crescente	2000	MEDIA	0.011867
crescente	3000	1	0.033000
crescente	3000	2	0.015000
crescente	3000	3	0.032000
crescente	3000	4	0.032000
crescente	3000	5	0.017000
crescente	3000	6	0.034000
crescente	3000	7	0.026000
crescente	3000	8	0.015000
crescente	3000	9	0.032000
crescente	3000	10	0.037000
crescente	3000	11	0.025000
crescente	3000	12	0.031000
crescente	3000	13	0.023000
crescente	3000	14	0.030000
crescente	3000	15	0.019000
crescente	3000	16	0.031000
crescente	3000	17	0.016000
crescente	3000	18	0.031000
crescente	3000	19	0.032000
crescente	3000	20	0.016000
crescente	3000	21	0.039000
crescente	3000	22	0.025000
crescente	3000	23	0.016000
crescente	3000	24	0.031000
crescente	3000	25	0.032000
crescente	3000	26	0.028000
crescente	3000	27	0.019000
crescente	3000	28	0.032000
crescente	3000	29	0.016000
crescente	3000	30	0.033000
crescente	3000	MEDIA	0.026600
crescente	4000	1	0.046000
crescente	4000	2	0.055000
crescente	4000	3	0.040000
crescente	4000	4	0.048000
crescente	4000	5	0.047000
crescente	4000	6	0.048000
crescente	4000	7	0.049000
crescente	4000	8	0.047000
crescente	4000	9	0.053000
crescente	4000	10	0.043000
crescente	4000	11	0.054000
crescente	4000	12	0.041000
crescente	4000	13	0.048000
crescente	4000	14	0.048000
crescente	4000	15	0.048000
crescente	4000	16	0.048000
crescente	4000	17	0.048000
crescente	4000	18	0.042000
crescente	4000	19	0.053000
crescente	4000	20	0.048000
crescente	4000	21	0.031000
crescente	4000	22	0.052000
crescente	4000	23	0.058000
crescente	4000	24	0.045000
crescente	4000	25	0.047000
crescente	4000	26	0.048000
crescente	4000	27	0.047000
crescente	4000	28	0.047000
crescente	4000	29	0.047000
crescente	4000	30	0.048000
crescente	4000	MEDIA	0.047467
crescente	5000	1	0.072000
crescente	5000	2	0.072000
crescente	5000	3	0.074000
crescente	5000	4	0.073000
crescente	5000	5	0.072000
crescente	5000	6	0.075000
crescente	5000	7	0.074000
crescente	5000	8	0.073000
crescente	5000	9	0.073000
crescente	5000	10	0.072000
crescente	5000	11	0.077000
crescente	5000	12	0.073000
crescente	5000	13	0.072000
crescente	5000	14	0.075000
crescente	5000	15	0.073000
crescente	5000	16	0.073000
crescente	5000	17	0.074000
crescente	5000	18	0.077000
crescente	5000	19	0.073000
crescente	5000	20	0.074000
crescente	5000	21	0.075000
crescente	5000	22	0.073000
crescente	5000	23	0.076000
crescente	5000	24	0.076000
crescente	5000	25	0.076000
crescente	5000	26	0.073000
crescente	5000	27	0.077000
crescente	5000	28	0.075000
crescente	5000	29	0.079000
crescente	5000	30	0.075000
crescente	5000	MEDIA	0.074200
crescente	10000	1	0.292000
crescente	10000	2	0.250000
crescente	10000	3	0.232000
crescente	10000	4	0.212000
crescente	10000	5	0.220000
crescente	10000	6	0.250000
crescente	10000	7	0.235000
crescente	10000	8	0.207000
crescente	10000	9	0.208000
crescente	10000	10	0.202000
crescente	10000	11	0.236000
crescente	10000	12	0.199000
crescente	10000	13	0.222000
crescente	10000	14	0.208000
crescente	10000	15	0.205000
crescente	10000	16	0.205000
crescente	10000	17	0.218000
crescente	10000	18	0.237000
crescente	10000	19	0.253000
crescente	10000	20	0.222000
crescente	10000	21	0.248000
crescente	10000	22	0.224000
crescente	10000	23	0.220000
crescente	10000	24	0.207000
crescente	10000	25	0.210000
crescente	10000	26	0.211000
crescente	10000	27	0.207000
crescente	10000	28	0.212000
crescente	10000	29	0.226000
crescente	10000	30	0.251000
crescente	10000	MEDIA	0.224300
decrescente	100	1	0.000000
decrescente	100	2	0.000000
decrescente	100	3	0.000000
decrescente	100	4	0.000000
decrescente	100	5	0.000000
decrescente	100	6	0.000000
decrescente	100	7	0.000000
decrescente	100	8	0.000000
decrescente	100	9	0.000000
decrescente	100	10	0.000000
decrescente	100	11	0.000000
decrescente	100	12	0.000000
decrescente	100	13	0.000000
decrescente	100	14	0.000000
decrescente	100	15	0.000000
decrescente	100	16	0.000000
decrescente	100	17	0.000000
decrescente	100	18	0.000000
decrescente	100	19	0.000000
decrescente	100	20	0.000000
decrescente	100	21	0.000000
decrescente	100	22	0.000000
decrescente	100	23	0.000000
decrescente	100	24	0.000000
decrescente	100	25	0.000000
decrescente	100	26	0.000000
decrescente	100	27	0.000000
decrescente	100	28	0.000000
decrescente	100	29	0.000000
decrescente	100	30	0.000000
decrescente	100	MEDIA	0.000000
decrescente	1000	1	0.002000
decrescente	1000	2	0.002000
decrescente	1000	3	0.001000
decrescente	1000	4	0.002000
decrescente	1000	5	0.002000
decrescente	1000	6	0.001000
decrescente	1000	7	0.002000
decrescente	1000	8	0.001000
decrescente	1000	9	0.002000
decrescente	1000	10	0.001000
decrescente	1000	11	0.002000
decrescente	1000	12	0.001000
decrescente	1000	13	0.002000
decrescente	1000	14	0.002000
decrescente	1000	15	0.001000
decrescente	1000	16	0.002000
decrescente	1000	17	0.001000
decrescente	1000	18	0.001000
decrescente	1000	19	0.001000
decrescente	1000	20	0.001000
decrescente	1000	21	0.002000
decrescente	1000	22	0.001000
decrescente	1000	23	0.001000
decrescente	1000	24	0.001000
decrescente	1000	25	0.002000
decrescente	1000	26	0.002000
decrescente	1000	27	0.002000
decrescente	1000	28	0.001000
decrescente	1000	29	0.002000
decrescente	1000	30	0.002000
decrescente	1000	MEDIA	0.001533
decrescente	2000	1	0.006000
decrescente	2000	2	0.007000
decrescente	2000	3	0.006000
decrescente	2000	4	0.008000
decrescente	2000	5	0.006000
decrescente	2000	6	0.006000
decrescente	2000	7	0.006000
decrescente	2000	8	0.006000
decrescente	2000	9	0.007000
decrescente	2000	10	0.006000
decrescente	2000	11	0.006000
decrescente	2000	12	0.006000
decrescente	2000	13	0.006000
decrescente	2000	14	0.008000
decrescente	2000	15	0.006000
decrescente	2000	16	0.006000
decrescente	2000	17	0.006000
decrescente	2000	18	0.006000
decrescente	2000	19	0.007000
decrescente	2000	20	0.006000
decrescente	2000	21	0.007000
decrescente	2000	22	0.006000
decrescente	2000	23	0.005000
decrescente	2000	24	0.007000
decrescente	2000	25	0.006000
decrescente	2000	26	0.006000
decrescente	2000	27	0.006000
decrescente	2000	28	0.006000
decrescente	2000	29	0.006000
decrescente	2000	30	0.006000
decrescente	2000	MEDIA	0.006267
decrescente	3000	1	0.014000
decrescente	3000	2	0.013000
decrescente	3000	3	0.014000
decrescente	3000	4	0.014000
decrescente	3000	5	0.014000
decrescente	3000	6	0.013000
decrescente	3000	7	0.016000
decrescente	3000	8	0.013000
decrescente	3000	9	0.014000
decrescente	3000	10	0.014000
decrescente	3000	11	0.014000
decrescente	3000	12	0.014000
decrescente	3000	13	0.014000
decrescente	3000	14	0.014000
decrescente	3000	15	0.014000
decrescente	3000	16	0.013000
decrescente	3000	17	0.013000
decrescente	3000	18	0.023000
decrescente	3000	19	0.024000
decrescente	3000	20	0.017000
decrescente	3000	21	0.015000
decrescente	3000	22	0.014000
decrescente	3000	23	0.015000
decrescente	3000	24	0.016000
decrescente	3000	25	0.014000
decrescente	3000	26	0.014000
decrescente	3000	27	0.014000
decrescente	3000	28	0.014000
decrescente	3000	29	0.016000
decrescente	3000	30	0.013000
decrescente	3000	MEDIA	0.014800
decrescente	4000	1	0.024000
decrescente	4000	2	0.026000
decrescente	4000	3	0.045000
decrescente	4000	4	0.024000
decrescente	4000	5	0.025000
decrescente	4000	6	0.024000
decrescente	4000	7	0.025000
decrescente	4000	8	0.023000
decrescente	4000	9	0.022000
decrescente	4000	10	0.024000
decrescente	4000	11	0.023000
decrescente	4000	12	0.023000
decrescente	4000	13	0.025000
decrescente	4000	14	0.011000
decrescente	4000	15	0.034000
decrescente	4000	16	0.014000
decrescente	4000	17	0.031000
decrescente	4000	18	0.032000
decrescente	4000	19	0.016000
decrescente	4000	20	0.032000
decrescente	4000	21	0.016000
decrescente	4000	22	0.031000
decrescente	4000	23	0.016000
decrescente	4000	24	0.032000
decrescente	4000	25	0.037000
decrescente	4000	26	0.023000
decrescente	4000	27	0.020000
decrescente	4000	28	0.016000
decrescente	4000	29	0.031000
decrescente	4000	30	0.032000
decrescente	4000	MEDIA	0.025233
decrescente	5000	1	0.031000
decrescente	5000	2	0.064000
decrescente	5000	3	0.047000
decrescente	5000	4	0.047000
decrescente	5000	5	0.033000
decrescente	5000	6	0.047000
decrescente	5000	7	0.047000
decrescente	5000	8	0.032000
decrescente	5000	9	0.054000
decrescente	5000	10	0.044000
decrescente	5000	11	0.030000
decrescente	5000	12	0.048000
decrescente	5000	13	0.040000
decrescente	5000	14	0.042000
decrescente	5000	15	0.039000
decrescente	5000	16	0.032000
decrescente	5000	17	0.049000
decrescente	5000	18	0.032000
decrescente	5000	19	0.044000
decrescente	5000	20	0.036000
decrescente	5000	21	0.031000
decrescente	5000	22	0.048000
decrescente	5000	23	0.032000
decrescente	5000	24	0.048000
decrescente	5000	25	0.031000
decrescente	5000	26	0.032000
decrescente	5000	27	0.051000
decrescente	5000	28	0.040000
decrescente	5000	29	0.040000
decrescente	5000	30	0.039000
decrescente	5000	MEDIA	0.041000
decrescente	10000	1	0.153000
decrescente	10000	2	0.150000
decrescente	10000	3	0.139000
decrescente	10000	4	0.158000
decrescente	10000	5	0.158000
decrescente	10000	6	0.174000
decrescente	10000	7	0.158000
decrescente	10000	8	0.143000
decrescente	10000	9	0.143000
decrescente	10000	10	0.165000
decrescente	10000	11	0.152000
decrescente	10000	12	0.159000
decrescente	10000	13	0.158000
decrescente	10000	14	0.189000
decrescente	10000	15	0.159000
decrescente	10000	16	0.157000
decrescente	10000	17	0.150000
decrescente	10000	18	0.152000
decrescente	10000	19	0.152000
decrescente	10000	20	0.152000
decrescente	10000	21	0.153000
decrescente	10000	22	0.162000
decrescente	10000	23	0.145000
decrescente	10000	24	0.151000
decrescente	10000	25	0.151000
decrescente	10000	26	0.148000
decrescente	10000	27	0.159000
decrescente	10000	28	0.159000
decrescente	10000	29	0.156000
decrescente	10000	30	0.156000
decrescente	10000	MEDIA	0.155367
aleatoria	100	1	0.000000
aleatoria	100	2	0.000000
aleatoria	100	3	0.000000
aleatoria	100	4	0.000000
aleatoria	100	5	0.000000
aleatoria	100	6	0.000000
aleatoria	100	7	0.000000
aleatoria	100	8	0.000000
aleatoria	100	9	0.000000
aleatoria	100	10	0.000000
aleatoria	100	11	0.000000
aleatoria	100	12	0.000000
aleatoria	100	13	0.000000
aleatoria	100	14	0.000000
aleatoria	100	15	0.000000
aleatoria	100	16	0.000000
aleatoria	100	17	0.000000
aleatoria	100	18	0.000000
aleatoria	100	19	0.000000
aleatoria	100	20	0.000000
aleatoria	100	21	0.000000
aleatoria	100	22	0.000000
aleatoria	100	23	0.000000
aleatoria	100	24	0.000000
aleatoria	100	25	0.000000
aleatoria	100	26	0.000000
aleatoria	100	27	0.000000
aleatoria	100	28	0.000000
aleatoria	100	29	0.000000
aleatoria	100	30	0.000000
aleatoria	100	MEDIA	0.000000
aleatoria	1000	1	0.000000
aleatoria	1000	2	0.000000
aleatoria	1000	3	0.000000
aleatoria	1000	4	0.000000
aleatoria	1000	5	0.000000
aleatoria	1000	6	0.000000
aleatoria	1000	7	0.001000
aleatoria	1000	8	0.000000
aleatoria	1000	9	0.000000
aleatoria	1000	10	0.000000
aleatoria	1000	11	0.000000
aleatoria	1000	12	0.000000
aleatoria	1000	13	0.000000
aleatoria	1000	14	0.000000
aleatoria	1000	15	0.000000
aleatoria	1000	16	0.000000
aleatoria	1000	17	0.000000
aleatoria	1000	18	0.001000
aleatoria	1000	19	0.000000
aleatoria	1000	20	0.000000
aleatoria	1000	21	0.000000
aleatoria	1000	22	0.000000
aleatoria	1000	23	0.000000
aleatoria	1000	24	0.000000
aleatoria	1000	25	0.000000
aleatoria	1000	26	0.000000
aleatoria	1000	27	0.000000
aleatoria	1000	28	0.001000
aleatoria	1000	29	0.000000
aleatoria	1000	30	0.000000
aleatoria	1000	MEDIA	0.000100
aleatoria	2000	1	0.000000
aleatoria	2000	2	0.000000
aleatoria	2000	3	0.000000
aleatoria	2000	4	0.000000
aleatoria	2000	5	0.000000
aleatoria	2000	6	0.000000
aleatoria	2000	7	0.000000
aleatoria	2000	8	0.000000
aleatoria	2000	9	0.001000
aleatoria	2000	10	0.000000
aleatoria	2000	11	0.000000
aleatoria	2000	12	0.000000
aleatoria	2000	13	0.000000
aleatoria	2000	14	0.001000
aleatoria	2000	15	0.000000
aleatoria	2000	16	0.000000
aleatoria	2000	17	0.000000
aleatoria	2000	18	0.000000
aleatoria	2000	19	0.001000
aleatoria	2000	20	0.000000
aleatoria	2000	21	0.000000
aleatoria	2000	22	0.001000
aleatoria	2000	23	0.000000
aleatoria	2000	24	0.000000
aleatoria	2000	25	0.000000
aleatoria	2000	26	0.001000
aleatoria	2000	27	0.000000
aleatoria	2000	28	0.000000
aleatoria	2000	29	0.000000
aleatoria	2000	30	0.000000
aleatoria	2000	MEDIA	0.000167
aleatoria	3000	1	0.001000
aleatoria	3000	2	0.000000
aleatoria	3000	3	0.000000
aleatoria	3000	4	0.001000
aleatoria	3000	5	0.000000
aleatoria	3000	6	0.000000
aleatoria	3000	7	0.001000
aleatoria	3000	8	0.000000
aleatoria	3000	9	0.000000
aleatoria	3000	10	0.000000
aleatoria	3000	11	0.000000
aleatoria	3000	12	0.001000
aleatoria	3000	13	0.000000
aleatoria	3000	14	0.000000
aleatoria	3000	15	0.000000
aleatoria	3000	16	0.000000
aleatoria	3000	17	0.000000
aleatoria	3000	18	0.000000
aleatoria	3000	19	0.001000
aleatoria	3000	20	0.000000
aleatoria	3000	21	0.000000
aleatoria	3000	22	0.001000
aleatoria	3000	23	0.000000
aleatoria	3000	24	0.000000
aleatoria	3000	25	0.001000
aleatoria	3000	26	0.000000
aleatoria	3000	27	0.000000
aleatoria	3000	28	0.000000
aleatoria	3000	29	0.000000
aleatoria	3000	30	0.000000
aleatoria	3000	MEDIA	0.000233
aleatoria	4000	1	0.001000
aleatoria	4000	2	0.000000
aleatoria	4000	3	0.000000
aleatoria	4000	4	0.001000
aleatoria	4000	5	0.000000
aleatoria	4000	6	0.001000
aleatoria	4000	7	0.000000
aleatoria	4000	8	0.001000
aleatoria	4000	9	0.000000
aleatoria	4000	10	0.000000
aleatoria	4000	11	0.001000
aleatoria	4000	12	0.000000
aleatoria	4000	13	0.001000
aleatoria	4000	14	0.000000
aleatoria	4000	15	0.001000
aleatoria	4000	16	0.000000
aleatoria	4000	17	0.000000
aleatoria	4000	18	0.000000
aleatoria	4000	19	0.000000
aleatoria	4000	20	0.001000
aleatoria	4000	21	0.000000
aleatoria	4000	22	0.001000
aleatoria	4000	23	0.000000
aleatoria	4000	24	0.000000
aleatoria	4000	25	0.000000
aleatoria	4000	26	0.000000
aleatoria	4000	27	0.001000
aleatoria	4000	28	0.000000
aleatoria	4000	29	0.001000
aleatoria	4000	30	0.000000
aleatoria	4000	MEDIA	0.000367
aleatoria	5000	1	0.001000
aleatoria	5000	2	0.000000
aleatoria	5000	3	0.001000
aleatoria	5000	4	0.000000
aleatoria	5000	5	0.001000
aleatoria	5000	6	0.000000
aleatoria	5000	7	0.001000
aleatoria	5000	8	0.000000
aleatoria	5000	9	0.000000
aleatoria	5000	10	0.001000
aleatoria	5000	11	0.000000
aleatoria	5000	12	0.001000
aleatoria	5000	13	0.000000
aleatoria	5000	14	0.001000
aleatoria	5000	15	0.000000
aleatoria	5000	16	0.001000
aleatoria	5000	17	0.000000
aleatoria	5000	18	0.000000
aleatoria	5000	19	0.001000
aleatoria	5000	20	0.000000
aleatoria	5000	21	0.001000
aleatoria	5000	22	0.000000
aleatoria	5000	23	0.001000
aleatoria	5000	24	0.000000
aleatoria	5000	25	0.001000
aleatoria	5000	26	0.000000
aleatoria	5000	27	0.001000
aleatoria	5000	28	0.000000
aleatoria	5000	29	0.000000
aleatoria	5000	30	0.001000
aleatoria	5000	MEDIA	0.000467
aleatoria	10000	1	0.001000
aleatoria	10000	2	0.001000
aleatoria	10000	3	0.001000
aleatoria	10000	4	0.001000
aleatoria	10000	5	0.001000
aleatoria	10000	6	0.001000
aleatoria	10000	7	0.001000
aleatoria	10000	8	0.001000
aleatoria	10000	9	0.001000
aleatoria	10000	10	0.001000
aleatoria	10000	11	0.000000
aleatoria	10000	12	0.001000
aleatoria	10000	13	0.001000
aleatoria	10000	14	0.001000
aleatoria	10000	15	0.001000
aleatoria	10000	16	0.001000
aleatoria	10000	17	0.001000
aleatoria	10000	18	0.001000
aleatoria	10000	19	0.001000
aleatoria	10000	20	0.001000
aleatoria	10000	21	0.001000
aleatoria	10000	22	0.001000
aleatoria	10000	23	0.001000
aleatoria	10000	24	0.001000
aleatoria	10000	25	0.001000
aleatoria	10000	26	0.001000
aleatoria	10000	27	0.001000
aleatoria	10000	28	0.001000
aleatoria	10000	29	0.001000
aleatoria	10000	30	0.001000
aleatoria	10000	MEDIA	0.000967
